# Pairwise Accuracy Delta (row - column)

| baseline | oracle | vector_rag | vector_rag_rerank | heuristic_stateful | static_graph | route_fn_only | graph_route_pg | full_brain |
|---|---|---|---|---|---|---|---|---|
| oracle | 0.0000 | +0.1737 | +0.1250 | +0.2025 | +1.0000 | +0.3788 | +0.2538 | +0.0088 |
| vector_rag | -0.1737 | 0.0000 | -0.0487 | +0.0288 | +0.8263 | +0.2050 | +0.0800 | -0.1650 |
| vector_rag_rerank | -0.1250 | +0.0487 | 0.0000 | +0.0775 | +0.8750 | +0.2538 | +0.1288 | -0.1162 |
| heuristic_stateful | -0.2025 | -0.0288 | -0.0775 | 0.0000 | +0.7975 | +0.1763 | +0.0513 | -0.1937 |
| static_graph | -1.0000 | -0.8263 | -0.8750 | -0.7975 | 0.0000 | -0.6212 | -0.7462 | -0.9912 |
| route_fn_only | -0.3788 | -0.2050 | -0.2538 | -0.1763 | +0.6212 | 0.0000 | -0.1250 | -0.3700 |
| graph_route_pg | -0.2538 | -0.0800 | -0.1288 | -0.0513 | +0.7462 | +0.1250 | 0.0000 | -0.2450 |
| full_brain | -0.0088 | +0.1650 | +0.1162 | +0.1937 | +0.9912 | +0.3700 | +0.2450 | 0.0000 |
