# Pairwise Accuracy Delta (row - column)

| baseline | oracle | vector_rag | vector_rag_rerank | heuristic_stateful | static_graph | route_fn_only | graph_route_pg | full_brain |
|---|---|---|---|---|---|---|---|---|
| oracle | 0.0000 | +0.1488 | +0.1000 | +0.1850 | +1.0000 | +0.3550 | +0.2375 | +0.0075 |
| vector_rag | -0.1488 | 0.0000 | -0.0488 | +0.0363 | +0.8512 | +0.2062 | +0.0887 | -0.1413 |
| vector_rag_rerank | -0.1000 | +0.0488 | 0.0000 | +0.0850 | +0.9000 | +0.2550 | +0.1375 | -0.0925 |
| heuristic_stateful | -0.1850 | -0.0363 | -0.0850 | 0.0000 | +0.8150 | +0.1700 | +0.0525 | -0.1775 |
| static_graph | -1.0000 | -0.8512 | -0.9000 | -0.8150 | 0.0000 | -0.6450 | -0.7625 | -0.9925 |
| route_fn_only | -0.3550 | -0.2062 | -0.2550 | -0.1700 | +0.6450 | 0.0000 | -0.1175 | -0.3475 |
| graph_route_pg | -0.2375 | -0.0887 | -0.1375 | -0.0525 | +0.7625 | +0.1175 | 0.0000 | -0.2300 |
| full_brain | -0.0075 | +0.1413 | +0.0925 | +0.1775 | +0.9925 | +0.3475 | +0.2300 | 0.0000 |
