# Pairwise Accuracy Delta (row - column)

| baseline | oracle | full_brain | vector_rag_rerank | vector_rag | heuristic_stateful | graph_route_pg | route_fn_only | static_graph |
|---|---|---|---|---|---|---|---|---|
| oracle | 0.000000 | 0.024333 | 0.293552 | 0.366467 | 0.386142 | 0.396052 | 0.659001 | 1.000000 |
| full_brain | -0.024333 | 0.000000 | 0.269219 | 0.342134 | 0.361809 | 0.371719 | 0.634668 | 0.975667 |
| vector_rag_rerank | -0.293552 | -0.269219 | 0.000000 | 0.072915 | 0.092590 | 0.102500 | 0.365449 | 0.706448 |
| vector_rag | -0.366467 | -0.342134 | -0.072915 | 0.000000 | 0.019675 | 0.029585 | 0.292534 | 0.633533 |
| heuristic_stateful | -0.386142 | -0.361809 | -0.092590 | -0.019675 | 0.000000 | 0.009910 | 0.272859 | 0.613858 |
| graph_route_pg | -0.396052 | -0.371719 | -0.102500 | -0.029585 | -0.009910 | 0.000000 | 0.262949 | 0.603948 |
| route_fn_only | -0.659001 | -0.634668 | -0.365449 | -0.292534 | -0.272859 | -0.262949 | 0.000000 | 0.340999 |
| static_graph | -1.000000 | -0.975667 | -0.706448 | -0.633533 | -0.613858 | -0.603948 | -0.340999 | 0.000000 |
