# Pairwise Accuracy Delta (row - column)

| baseline | oracle | vector_rag | vector_rag_rerank | heuristic_stateful | static_graph | route_fn_only | graph_route_pg | full_brain |
|---|---|---|---|---|---|---|---|---|
| oracle | 0.0000 | +0.1787 | +0.1200 | +0.1825 | +1.0000 | +0.3650 | +0.2087 | +0.0088 |
| vector_rag | -0.1787 | 0.0000 | -0.0587 | +0.0038 | +0.8213 | +0.1863 | +0.0300 | -0.1700 |
| vector_rag_rerank | -0.1200 | +0.0587 | 0.0000 | +0.0625 | +0.8800 | +0.2450 | +0.0887 | -0.1112 |
| heuristic_stateful | -0.1825 | -0.0038 | -0.0625 | 0.0000 | +0.8175 | +0.1825 | +0.0262 | -0.1737 |
| static_graph | -1.0000 | -0.8213 | -0.8800 | -0.8175 | 0.0000 | -0.6350 | -0.7913 | -0.9912 |
| route_fn_only | -0.3650 | -0.1863 | -0.2450 | -0.1825 | +0.6350 | 0.0000 | -0.1562 | -0.3562 |
| graph_route_pg | -0.2087 | -0.0300 | -0.0887 | -0.0262 | +0.7913 | +0.1562 | 0.0000 | -0.2000 |
| full_brain | -0.0088 | +0.1700 | +0.1112 | +0.1737 | +0.9912 | +0.3562 | +0.2000 | 0.0000 |
