# Pairwise Accuracy Delta (row - column)

| baseline | oracle | vector_rag | vector_rag_rerank | heuristic_stateful | static_graph | route_fn_only | graph_route_pg | full_brain |
|---|---|---|---|---|---|---|---|---|
| oracle | 0.0000 | +0.1737 | +0.1175 | +0.1825 | +1.0000 | +0.3225 | +0.2800 | +0.0050 |
| vector_rag | -0.1737 | 0.0000 | -0.0562 | +0.0088 | +0.8263 | +0.1488 | +0.1063 | -0.1687 |
| vector_rag_rerank | -0.1175 | +0.0562 | 0.0000 | +0.0650 | +0.8825 | +0.2050 | +0.1625 | -0.1125 |
| heuristic_stateful | -0.1825 | -0.0088 | -0.0650 | 0.0000 | +0.8175 | +0.1400 | +0.0975 | -0.1775 |
| static_graph | -1.0000 | -0.8263 | -0.8825 | -0.8175 | 0.0000 | -0.6775 | -0.7200 | -0.9950 |
| route_fn_only | -0.3225 | -0.1488 | -0.2050 | -0.1400 | +0.6775 | 0.0000 | -0.0425 | -0.3175 |
| graph_route_pg | -0.2800 | -0.1063 | -0.1625 | -0.0975 | +0.7200 | +0.0425 | 0.0000 | -0.2750 |
| full_brain | -0.0050 | +0.1687 | +0.1125 | +0.1775 | +0.9950 | +0.3175 | +0.2750 | 0.0000 |
