# Pairwise Accuracy Delta (row - column)

| baseline | oracle | full_brain | vector_rag_rerank | vector_rag | heuristic_stateful | graph_route_pg | route_fn_only | static_graph |
|---|---|---|---|---|---|---|---|---|
| oracle | 0.000000 | 0.080444 | 0.329500 | 0.395056 | 0.486167 | 0.506056 | 0.629667 | 1.000000 |
| full_brain | -0.080444 | 0.000000 | 0.249056 | 0.314612 | 0.405723 | 0.425612 | 0.549223 | 0.919556 |
| vector_rag_rerank | -0.329500 | -0.249056 | 0.000000 | 0.065556 | 0.156667 | 0.176556 | 0.300167 | 0.670500 |
| vector_rag | -0.395056 | -0.314612 | -0.065556 | 0.000000 | 0.091111 | 0.111000 | 0.234611 | 0.604944 |
| heuristic_stateful | -0.486167 | -0.405723 | -0.156667 | -0.091111 | 0.000000 | 0.019889 | 0.143500 | 0.513833 |
| graph_route_pg | -0.506056 | -0.425612 | -0.176556 | -0.111000 | -0.019889 | 0.000000 | 0.123611 | 0.493944 |
| route_fn_only | -0.629667 | -0.549223 | -0.300167 | -0.234611 | -0.143500 | -0.123611 | 0.000000 | 0.370333 |
| static_graph | -1.000000 | -0.919556 | -0.670500 | -0.604944 | -0.513833 | -0.493944 | -0.370333 | 0.000000 |
