# Pairwise Accuracy Delta (row - column)

| baseline | full_brain | graph_route_pg | heuristic_stateful | oracle | route_fn_only | static_graph | vector_rag | vector_rag_rerank |
|---|---|---|---|---|---|---|---|---|
| full_brain | 0.0000 | +0.2076 | +0.1780 | -0.0278 | +0.3251 | +0.9722 | +0.1756 | +0.0821 |
| graph_route_pg | -0.2076 | 0.0000 | -0.0296 | -0.2354 | +0.1175 | +0.7646 | -0.0320 | -0.1255 |
| heuristic_stateful | -0.1780 | +0.0296 | 0.0000 | -0.2057 | +0.1471 | +0.7943 | -0.0024 | -0.0959 |
| oracle | +0.0278 | +0.2354 | +0.2057 | 0.0000 | +0.3529 | +1.0000 | +0.2034 | +0.1099 |
| route_fn_only | -0.3251 | -0.1175 | -0.1471 | -0.3529 | 0.0000 | +0.6471 | -0.1495 | -0.2430 |
| static_graph | -0.9722 | -0.7646 | -0.7943 | -1.0000 | -0.6471 | 0.0000 | -0.7966 | -0.8901 |
| vector_rag | -0.1756 | +0.0320 | +0.0024 | -0.2034 | +0.1495 | +0.7966 | 0.0000 | -0.0935 |
| vector_rag_rerank | -0.0821 | +0.1255 | +0.0959 | -0.1099 | +0.2430 | +0.8901 | +0.0935 | 0.0000 |
